Dimensions - 2

(5.95265724586071E-9,-1.22147774635953E-11)
(4.8737851461568666E-8,-6.504558001063127E-11)
(-8.527245876919612E-8,2.909396345640191E-11)
(-4.2628885968912925E-8,-2.9406599806105924E-11)
(-4.8509432351687795E-8,-3.995308793739109E-11)
(-9.730422919577048E-8,-1.129100604444179E-11)
(-8.106955253442891E-8,-4.209680420460848E-11)
(1.6282369188397334E-8,-8.73197225897577E-11)
(7.467336420329057E-8,3.5967965554565807E-12)
(6.390701953717295E-8,6.358186362331466E-12)
(3.209942581472098E-8,-8.737201600786921E-11)
(-3.576043820776193E-8,-9.271319356568645E-11)
(-1.426559041572283E-8,-6.797922463469434E-11)
(3.836601021456586E-8,3.814947929861053E-11)
(-2.212309130826989E-8,-7.590994719519604E-11)
(5.8022958217240336E-8,-1.005990179940106E-11)
(9.92827955796278E-8,-1.1060706603940142E-11)
(3.044814851976786E-8,-3.521250876210833E-11)
(-9.594292453517662E-8,2.783612315650865E-11)
(-3.750513841641311E-8,5.0792812624321166E-11)
(-1.959042927682728E-8,-1.4233497540730999E-11)
(7.537822606610176E-8,-9.945887490787363E-13)
(-5.0567048431132723E-8,6.194285720737034E-11)
(-5.25708069933093E-8,-7.822017347917945E-11)
(6.42993893902179E-8,6.574754777385448E-11)
(1.6501920996493974E-8,-6.742561724862189E-11)
(-5.025329599778989E-8,8.303492790514536E-11)
(-1.0805890299221028E-8,7.840010994916026E-11)
(-5.29774994994805E-8,8.468564999362045E-11)
(5.3247749852638893E-8,-7.492238769903015E-11)
(7.388542936399749E-8,-1.8184469572736525E-11)
(2.8719195831998893E-8,-9.20044044274901E-11)
(-5.773734792020055E-8,-1.887339629548311E-11)
(7.563357605553819E-8,-1.7984593959330733E-12)
(9.509031040761285E-8,1.8932767952634243E-11)
(7.649617229438557E-8,3.3298139784088764E-11)
(-2.0176910207711633E-8,-4.984661332910282E-11)
(2.218824701432376E-8,-8.500147947679585E-11)
(2.2759918422361326E-8,-9.356065019529996E-12)
(5.784031538660299E-8,4.027308032038684E-11)
(1.729463015527843E-8,-3.4854824921033643E-12)
(1.9355401793979756E-9,3.991575458521057E-11)
(3.935919969502183E-8,4.5644018257358885E-11)
(7.207227091830729E-9,-5.580816902769562E-11)
(1.258660318739804E-8,-4.9388298244151285E-11)
(3.8334978951554224E-8,-7.143607104134541E-11)
(-5.990707991721005E-8,4.536556541397744E-11)
(-4.4252274312308704E-10,3.2295707975245184E-11)
(-3.3771378256729055E-8,8.05451476548132E-11)
(-2.936242300662628E-8,-7.630102112486495E-11)
(1.7805225020806532E-8,1.2829182060161779E-11)

Dimensions - 5

(6.490572666376732E-11,-5.5725879850161425E-11)
(-3.680697551547504E-11,-1.1657754509869086E-11)
(4.848882300775277E-11,2.322830579851449E-11)
(-1.7953099418044195E-11,-4.3843089835668617E-11)
(-8.403324210449681E-11,-5.23348211524992E-11)
(6.513793574228505E-11,-3.8706280879243915E-11)
(-1.1455915376886628E-11,5.0298524431285274E-11)
(6.457840209070903E-11,-5.059764179374803E-11)
(1.0601945886173608E-11,5.1295824120761946E-11)
(-1.1914244700948258E-11,6.012088218798874E-11)
(-5.940127574158183E-11,-4.1760244314341847E-11)
(-7.415752809397563E-11,5.919945330611282E-11)
(4.465788794204607E-11,-5.548947552613011E-11)
(-6.91863112584599E-12,-2.6381721033893876E-11)
(-6.669059472845332E-11,2.732031328036551E-11)
(-7.424048648062795E-11,-5.01609120434619E-11)
(4.5131774290644106E-12,-8.465969088624455E-11)
(1.5546402011904458E-11,-2.4601151719947603E-11)
(-5.614909469119193E-11,-4.0215740276067537E-11)
(6.885251753216784E-11,-7.196657248605723E-11)
(-5.609348441951502E-11,5.859023559262702E-11)
(-1.8481937675576447E-11,7.514711780647613E-11)
(-5.299673174299227E-11,2.8811389306718024E-11)
(4.632174850190192E-11,-2.3110170707688033E-11)
(-6.781489132008954E-12,-8.967203726416847E-11)
(-1.8926730563828335E-11,-7.782735264044366E-11)
(-1.4993754638984512E-12,8.174296678792292E-11)
(1.0819653659379071E-11,1.1966922274918057E-11)
(3.614889472107828E-12,9.173414485236926E-11)
(-9.229012307204076E-12,-8.752162130588803E-11)
(-4.3111008436895946E-11,2.764408580070527E-11)
(4.077812333529679E-11,1.9405878867060023E-11)
(7.374562435532772E-11,4.351634242584508E-12)
(7.516852776972619E-11,-3.500371099449507E-11)
(-1.5989037637584917E-11,9.662990668879313E-11)
(-5.4138591434626467E-11,1.0822069854563645E-11)
(-8.896995698211732E-11,3.856466861118845E-11)
(6.296945645743924E-11,7.112235606964584E-11)
(1.471727580723924E-11,-3.5039928124610546E-12)
(-1.0890013582553141E-11,4.5770948596334813E-11)
(-1.5127008446597716E-11,-5.032868538297946E-11)
(-2.3694311647138715E-11,-4.1328456864449844E-11)
(-4.811302849886647E-11,1.950279600728795E-12)
(-8.437871763980283E-12,-6.154845263644263E-11)
(-6.894627878113797E-12,-1.875187190900895E-12)
(-3.946657584551326E-11,8.26624430674285E-11)
(5.2522412909649136E-11,5.237121739367077E-11)
(2.2091793209439255E-11,4.143319407360101E-11)
(2.4904647638485296E-11,5.720773412190719E-11)
(-5.857529012097137E-12,-8.92322020968985E-11)
(-2.2156281063816412E-11,-6.978530979863096E-11)

Dimensions - 10

(2.4604287440173536E-11,1.7860177298215228E-11)
(9.110897952775195E-12,-6.85464827332903E-11)
(5.257991270204508E-11,-4.700972611623362E-11)
(1.0743966309808125E-11,-3.615083337812355E-11)
(4.985465071439704E-11,-5.5742517904756795E-11)
(5.806721384425371E-11,-7.901110465333572E-11)
(-2.428148387161991E-11,-4.643255081010864E-11)
(-3.782489173406571E-12,-9.438953393542287E-11)
(-8.804134525896723E-11,-7.667517542784104E-12)
(4.049732241498716E-12,-9.443193839189917E-11)
(8.547615330351957E-11,2.317630381697859E-11)
(7.081501282296629E-13,5.616820927534585E-11)
(-5.903454242306959E-11,-7.020877119731665E-11)
(-7.3587195052609E-12,3.948678547920131E-11)
(-1.6023849102729789E-12,3.639106058225934E-11)
(5.892354715248299E-11,2.8298834917952402E-11)
(5.543627429667285E-11,4.4894645414806416E-11)
(4.4319291926985117E-11,-3.2350240933570547E-12)
(-1.496148328112651E-11,-1.9394700396051928E-11)
(-6.172502715131812E-11,-3.8480326697174393E-11)
(9.148085009348793E-11,3.832942107055502E-11)
(-7.34937427942019E-11,-6.680826555764939E-11)
(-6.107686261704222E-11,-7.880515241151936E-11)
(1.817089778599637E-11,7.448062229614437E-11)
(3.277916175777038E-11,-7.933996603159582E-11)
(-7.957657867353866E-11,-5.048185664621071E-11)
(-8.755034063582534E-11,-3.696109859009997E-11)
(2.2936007681196885E-11,-8.242834069634806E-11)
(-6.360139465408066E-11,1.0707278051441626E-11)
(-3.3900464898793196E-11,4.1523732976086085E-11)
(-5.074421844245215E-11,-6.783082263087191E-11)
(4.55270154942038E-11,1.3633311965965196E-11)
(-3.929580447760927E-11,5.840311000422493E-11)
(-8.214869756393851E-11,5.1545363861713527E-11)
(6.871315540201097E-11,-2.4680833307584805E-11)
(-1.5350373282950566E-11,8.597866806423159E-11)
(-7.460141897386673E-11,-3.209219094743657E-11)
(-9.203246145262454E-11,5.479718444921706E-12)
(-1.9093109657995436E-11,1.2508282153936213E-11)
(1.0198505768002028E-11,5.0805557529103795E-11)
(5.873006387082566E-11,9.120949829353527E-12)
(-1.3252815876365207E-11,8.422671465152016E-11)
(5.286301163687367E-11,-8.406709794189951E-11)
(-4.183093843848698E-11,1.3562323886227175E-11)
(-5.329711009928397E-11,-4.025133340844597E-11)
(-3.533900298112718E-11,3.964108104770152E-12)
(2.2793908620043744E-12,-1.6995302291433703E-11)
(6.397612615876302E-11,-1.715744844962198E-11)
(2.0106455588694798E-11,-8.370022184674956E-11)
(-8.753008623684623E-11,2.0721224454792938E-11)
(-2.0052638583950514E-11,-6.754071795113648E-11)
