Best Location: (9.396547227561152E-12, 3.046297121835033E-11, -1.1156672539650678E-11, 9.346416567818284E-12, 1.2576875702740397E-11, -1.470617355281198E-11, 1.5787472918706053E-11, -5.016677379889699E-11, 3.88759952349399E-12, 6.66557823809156E-11, )
Fitness Value: 8.826620152489242E-21


Best Location: (-2.729035469304758E-11, 2.303206458700585E-12, -5.0592901486248246E-11, 3.864319365509367E-12, -4.309508518523864E-11, -1.680615577249491E-11, -2.810782309803712E-11, -2.9306826479105534E-11, -4.7639953550783286E-11, 7.040301841122336E-12, )
Fitness Value: 9.432346925113804E-21


Best Location: (-1.6249063690112298E-11, -1.4947451260976013E-11, 1.1663356463827906E-11, 2.1713276057533054E-11, 2.2382157454285507E-11, 5.992162486617824E-11, -1.9682720898767404E-11, -4.9590147043367265E-11, 2.0688215391100996E-11, 1.1076455959933541E-11, )
Fitness Value: 8.58380302853145E-21


Best Location: (-1.0452844636895371E-11, -3.716950854678524E-11, 1.4951072298585094E-11, -8.741195110138063E-12, -6.457957721465692E-11, -1.805551268025928E-11, 3.2092254072682846E-11, -1.6752014889116168E-11, -3.7999377242175794E-11, 6.009074794789576E-12, )
Fitness Value: 9.077905137807834E-21


Best Location: (3.070792941511081E-12, -5.107490165612474E-13, 1.1490751786259074E-11, 4.142094101414787E-11, -1.940841950016398E-12, 1.0191938436568733E-11, -5.819505110177951E-11, -3.310080756159927E-11, -2.291537683633673E-11, -1.1179468036455999E-11, )
Fitness Value: 7.097487276626452E-21


Best Location: (-2.4006171255043354E-11, 1.680294603594408E-11, 2.2065725704936477E-11, 4.614817476096143E-11, 2.5343330509384978E-11, -3.6567801562800144E-11, -1.5382277411865614E-11, 5.528786717564417E-11, 4.225862429845307E-12, 5.734077705830991E-12, )
Fitness Value: 8.798774326531053E-21


Best Location: (6.194375537572023E-11, -7.869694002365222E-12, -3.377931546115154E-11, -2.2665192839278305E-11, -2.0680395583671434E-11, 2.0914536424619745E-11, 2.23831405783824E-12, -2.7646235088379325E-11, -4.88883737905906E-12, -1.523376606355655E-11, )
Fitness Value: 7.444103352338985E-21


Best Location: (-2.0673278944911113E-11, -2.1784011542692433E-11, 1.2959615693464815E-11, -4.992740511675563E-11, -5.74326706786457E-11, -2.727801163481002E-11, -2.3640976572271717E-11, -1.4064975675399973E-11, -2.3459869182067233E-11, 6.8342563794310865E-12, )
Fitness Value: 8.959018458211595E-21


Best Location: (-4.1930544400974375E-11, 3.35048420423242E-11, 2.0689616209978887E-11, 1.9396662611546276E-11, 4.127227243947956E-12, 2.8107317040659833E-11, -4.4607255781689376E-11, 2.8128312699724183E-11, -2.5502944826365228E-11, 3.342596062824993E-11, )
Fitness Value: 9.040795291817379E-21


Best Location: (-2.0101980032456764E-11, 3.6033285885059358E-12, 5.698425841432861E-11, 2.812519162809831E-11, -3.4098845405515204E-12, -2.257265370986003E-11, 4.5685229073002455E-11, -3.6553031746783404E-11, 1.528287846205233E-11, -3.43256716250243E-11, )
Fitness Value: 9.811540089304341E-21


Best Location: (4.701516792506628E-11, 4.575331289703671E-11, 5.815331565733234E-12, -4.7101149502537485E-11, -7.997444658564106E-12, -3.717505813116662E-11, 2.933353188615548E-11, -3.628106988384992E-13, 2.6551071386212883E-11, -1.8236230783464623E-11, )
Fitness Value: 9.900179319341387E-21


Best Location: (-5.700921499520115E-12, 2.2079971522498927E-13, -1.1919423448799332E-11, -2.4315193077278015E-11, 2.394507391771403E-11, 3.122553026098768E-11, 4.7125281656194663E-11, 2.8831221687980248E-11, -2.7239397166905695E-11, -5.254602037708256E-12, )
Fitness Value: 6.135877948987934E-21


Best Location: (1.0831803902579389E-11, 4.073997484229655E-12, 2.0556550161961825E-11, -2.6718448287216827E-12, -6.825803053420475E-11, -4.330386354959468E-11, -9.637025679881957E-12, -4.234909554219443E-11, -2.9984245617538256E-11, -2.723814891979534E-12, )
Fitness Value: 9.890811581381056E-21


Best Location: (-1.4074555259611652E-11, -3.431166696584346E-11, -9.707477417057145E-12, 1.5945742541360932E-11, -2.0908225204300847E-11, -4.862983469702063E-11, -7.463091865385675E-12, 1.2596968642475623E-11, -4.126048129374482E-11, 5.7542209134982245E-11, )
Fitness Value: 9.75381463047837E-21


Best Location: (-5.5216941603258384E-11, -2.691930724052271E-11, -2.4541376122923426E-12, -1.9698375632817945E-11, -6.4358606323715525E-12, 1.4861910762091494E-12, 1.790161500287279E-11, 4.26932309497336E-11, -2.1678522885090438E-11, 4.280148372584895E-11, )
Fitness Value: 8.656342754565156E-21


Best Location: (-3.2624071932577437E-11, 5.3393546631749293E-11, -2.0947612703224836E-11, -4.036223463919227E-12, 1.2846670484887317E-12, 2.2754019217855433E-11, 5.679043241363265E-11, 2.6487705034061934E-11, 8.635139268974954E-12, -2.6230524953739758E-11, )
Fitness Value: 9.579048030427982E-21


Best Location: (-2.0015595136845735E-13, -2.318315118461764E-11, -3.3495131640280544E-12, -1.1299772214563468E-11, -4.3606571983548674E-11, -1.2918781934593293E-11, 3.966398828169821E-12, -2.96510704271751E-12, -2.7257364573898576E-11, -8.021693423894121E-11, )
Fitness Value: 9.94707534026863E-21


Best Location: (-3.402422970030104E-11, -1.2072227645614762E-11, -1.6499993683603388E-11, -3.674634333664331E-11, 2.922425276625555E-11, 6.962039154639304E-11, 2.784014845062453E-11, 4.903871312041901E-13, 6.763428003991317E-12, 9.943552188138009E-12, )
Fitness Value: 9.546918829793545E-21


Best Location: (6.896416635567156E-11, -2.4242883214265084E-11, -1.2623329407503524E-11, 2.8773845821141513E-11, -2.517900161623434E-11, -4.083940386818355E-11, -2.5354227274856568E-11, 1.0365602188972679E-11, -1.8949855727157397E-11, -4.990605240869565E-12, )
Fitness Value: 9.76718102923673E-21


Best Location: (1.869626180897699E-11, -1.4550077906299963E-12, -2.337422975857827E-11, -7.279685960871566E-11, -4.850482097983704E-13, 2.7895278962591688E-11, -3.0903622750380604E-11, -2.5976512729791734E-12, 3.168992081563411E-11, 3.101143959270524E-11, )
Fitness Value: 9.903528657312126E-21


Best Location: (7.32323998994274E-12, -3.094630261865279E-11, -2.3595063422985864E-11, 2.4051643412811166E-11, -4.4954607458523546E-11, 2.6976199022134387E-11, -3.2833381856838616E-11, -2.6206940910349833E-11, -3.324326319686995E-11, -4.724177723967694E-11, )
Fitness Value: 9.996878884714199E-21


Best Location: (-1.0342086661164496E-11, 2.2690720412386723E-12, -4.493578181772681E-11, 9.594843190772846E-12, 2.1525892955809178E-11, 6.342807559353663E-11, 1.3082696798124718E-11, -2.4444768189623783E-11, 2.049493155688735E-11, -4.307880795971874E-11, )
Fitness Value: 9.754407351013514E-21


Best Location: (-3.032529204618861E-11, 1.6000002946899688E-13, -4.344281178779827E-11, 1.986618285010945E-11, -1.853300375153025E-11, -1.5187180324540696E-11, 4.111137339663808E-12, -5.115244857009561E-11, -5.6357883021433645E-11, 1.1550373279853946E-11, )
Fitness Value: 9.718811275527876E-21


Best Location: (-1.1739184296337335E-12, 8.287144578981818E-11, -7.604752438223443E-12, 6.576772731977309E-12, 2.199598193313754E-11, -1.2385910451376453E-11, 9.515588380381482E-13, 2.1511769967658288E-11, 3.225886099446904E-11, -7.301564597200861E-12, )
Fitness Value: 9.16498347949265E-21


Best Location: (-5.1753496485435735E-11, -2.2832302784622543E-11, -1.4271694411376333E-11, -1.8887855994035784E-11, -4.4737231970192776E-11, -1.033401064777582E-11, -8.795270410157566E-13, 3.89526964497108E-11, -2.491318110805155E-11, -2.01263193580507E-11, )
Fitness Value: 8.41220396710703E-21


Best Location: (-4.7027166743821664E-12, -2.967348640302041E-11, -1.168554290784154E-11, 2.4462329063716746E-11, -2.446835019483532E-11, 2.575229795758953E-11, -4.925142774754384E-11, 1.6113564985697756E-11, -3.2760517133248567E-11, 8.355436174193625E-12, )
Fitness Value: 6.727884715274616E-21


Best Location: (5.659430150373773E-11, 2.403072384159247E-11, -4.7253888444191104E-11, 6.733652716011061E-12, -2.3939682959032547E-11, 2.8453135863807288E-11, 2.6580905738747204E-11, -2.885657208355439E-11, -2.5567027015617427E-11, -1.699240871244096E-11, )
Fitness Value: 9.923013190279508E-21


Best Location: (-1.8111967667474713E-11, 1.885821102211664E-11, -7.515254507912562E-12, 3.6714289860708914E-11, -5.996554674436513E-11, 3.659886412825154E-11, 3.010306442345822E-12, -5.0840797796425524E-11, 7.78792658087195E-12, 6.472113277390889E-12, )
Fitness Value: 9.719825994024327E-21


Best Location: (3.05500287228627E-11, -1.1106038252458155E-11, -3.247721545742181E-11, -3.768881098723351E-11, 3.8339536385336257E-11, 8.34845540026155E-12, 6.146479020007711E-11, -7.42908443968247E-12, 1.7971491093408703E-11, -2.4064309629317438E-11, )
Fitness Value: 9.806658315952247E-21


Best Location: (-1.3084976000382056E-11, 1.5621570137675322E-11, -6.752000274869914E-13, -3.245351144503606E-12, 4.004060861644816E-11, -2.556719854762E-12, 2.5792536972096768E-11, 3.260253646877809E-11, -4.119622918612857E-11, 2.8728020300503015E-11, )
Fitness Value: 6.286634201613578E-21


Best Location: (6.253714427762769E-12, 3.882209599945959E-11, -2.937974025299272E-11, -2.282508468043821E-11, 7.721636507452133E-12, 6.914101336228338E-11, -2.6419564202015165E-11, 1.7100279619407875E-11, -1.684588625754461E-11, -1.0033162917209315E-11, )
Fitness Value: 9.14538228666616E-21


Best Location: (-4.677161610260232E-11, -1.1046030225958084E-11, -2.255291724826715E-11, 7.379543436800043E-12, -1.072385553715068E-11, 4.66876641064988E-12, -3.071553868058647E-11, 1.095811635762751E-11, 4.463228230758183E-11, -6.267155387083857E-11, )
Fitness Value: 9.992777970838691E-21


Best Location: (-2.0203682642517373E-11, -1.5954287118379297E-11, 2.0011173164378788E-11, -1.537712754630477E-11, -3.92161775753377E-12, -7.815715785639712E-11, 2.892426164726196E-12, -2.2436427879830647E-11, -1.3152890660639809E-11, 3.710070549489321E-11, )
Fitness Value: 9.484771888866083E-21


Best Location: (-5.25411633214496E-11, 2.947315913535318E-11, 1.5700075878726928E-11, -2.944043221114681E-11, 1.6564061006352654E-12, -1.2610235936312889E-11, -2.7290220935564267E-11, 6.010789278853464E-18, -1.0889473222442024E-11, -6.053866325353183E-11, )
Fitness Value: 9.43250064980446E-21


Best Location: (3.497412560404991E-11, 3.414836432162986E-11, -3.7276560881404464E-11, 3.965213802029901E-12, -6.475405335361156E-11, 6.745592517783409E-13, -2.6684000757119278E-11, -3.293912610093315E-11, 1.0760919860689648E-11, -8.476099830841414E-13, )
Fitness Value: 9.901645378788742E-21


Best Location: (3.670130757382892E-11, -1.490651345600288E-11, 3.2779341753541114E-11, 4.278602323730209E-11, -8.970913987892622E-13, 1.7132726701200882E-11, 4.818602525162673E-11, 9.993907186532837E-12, 3.140520772902119E-11, -3.047648151213719E-11, )
Fitness Value: 9.105528456763063E-21


Best Location: (5.4078516004002654E-11, 4.511561416528124E-12, 6.538198391630539E-12, -2.726497220732834E-11, 1.5772350826441281E-12, 3.376360875841105E-11, 5.1544881043276206E-11, -2.5069774589119256E-12, -1.6261677684833695E-11, 4.590762072869699E-11, )
Fitness Value: 9.908547274022254E-21


Best Location: (-1.4591737443827046E-11, 2.8077764996086147E-11, -1.9301319523674423E-11, -1.1598684583046404E-11, 4.0612508305569736E-11, -2.3246639795433368E-11, 1.1882798242109957E-11, 4.0835857282120156E-11, 5.001574441035731E-11, -2.3976890278023067E-11, )
Fitness Value: 8.583366291220518E-21


Best Location: (-2.910564825272514E-11, 1.9291388526578776E-11, 5.6981083101253297E-11, 2.9997795737453566E-11, -4.3346186877358816E-11, -2.5511635221222726E-11, 4.8865911839011706E-12, -9.366049399940966E-12, -4.079347340809752E-12, -5.889749675100041E-12, )
Fitness Value: 8.058675341183373E-21


Best Location: (-7.73404353126441E-12, 7.9481527748891E-12, 1.5810130403625377E-11, -2.398786434151273E-12, -2.5927819316353573E-11, -3.273756467157248E-11, -6.262944179603509E-12, 7.1226390681865096E-12, 7.865902570371606E-12, 8.469807597573094E-11, )
Fitness Value: 9.448295871069401E-21


Best Location: (-4.4489681176424574E-11, -2.931004380034321E-11, 5.277886710907278E-11, -2.7757788755186126E-13, -2.0195736220284194E-11, 3.127737353840918E-11, 2.2292366343039946E-12, -3.052374379923624E-11, -3.298077531579051E-11, 9.144187149007146E-12, )
Fitness Value: 9.118254249039103E-21


Best Location: (-4.397684976200079E-11, 1.3964556895767011E-11, 5.734322213418884E-11, -1.4052317157211769E-11, 6.4545496403949875E-12, -4.058637680171676E-11, 2.8930107912749585E-11, -8.998620200476866E-12, -7.481449644336486E-12, -1.4770759825752786E-11, )
Fitness Value: 8.495673843420334E-21


Best Location: (-1.5131390206687062E-11, 3.518206951803905E-12, -4.5419012202688364E-13, 3.923533738601825E-11, 9.090794234683395E-13, 2.7354380873722973E-11, -3.4243109176616116E-12, -2.202250669507202E-11, 5.6724567781160786E-11, -4.286093772929103E-11, )
Fitness Value: 8.081496595976225E-21


Best Location: (-3.744274082418319E-11, 1.00587662609914E-11, 1.685603229565669E-11, 9.985361888243324E-12, 3.6873658377526824E-11, -1.990457893556305E-11, 3.8321993902153876E-11, 2.78562206877179E-12, -3.2700335575001556E-11, -5.69566683280093E-11, )
Fitness Value: 9.43253876134755E-21


Best Location: (2.0368773435438284E-11, -7.915615785451739E-11, 4.512287631570394E-11, -6.08713610792735E-12, 1.2682474145769123E-11, -2.0252268827395284E-12, -1.9019203278259236E-11, 9.362923038540485E-13, 2.049407449814544E-11, -1.2465098830901527E-11, )
Fitness Value: 9.856650659954593E-21


Best Location: (-3.814016960536595E-11, -3.3597988278160355E-11, -1.5536711314335945E-11, -1.627440939980064E-11, -3.77630647818257E-11, 2.458273799689097E-11, -6.066741103940657E-12, -2.4816051449905706E-11, 5.0577245439913185E-11, -2.2238998472089962E-12, )
Fitness Value: 8.335748466789212E-21


Best Location: (9.872991238363534E-12, 3.261988384930221E-12, -7.025465803423816E-11, -1.3707634504852408E-11, -1.2641473827168318E-11, -6.248649535974071E-11, -1.0502641310706826E-11, -5.033970775293877E-12, -1.217796077893587E-11, -1.5594706166719962E-11, )
Fitness Value: 9.823245631735978E-21


Best Location: (-2.5942064015280254E-11, -3.655130084194162E-12, -3.481482355440165E-11, 1.6967014962868912E-11, 8.27500459533145E-11, 9.734369238199734E-12, -2.2838257966798274E-11, 1.091285305422305E-11, -5.277264902792796E-12, 6.834861081161804E-13, )
Fitness Value: 9.797623313776213E-21


Best Location: (-1.7718652160547668E-11, -7.440788975720513E-12, 1.4868107597776153E-11, -4.2324795038581266E-12, -3.3977731533094056E-11, 6.951117806497912E-11, 2.5371069145266417E-11, -4.009567941631388E-11, 2.976953614398223E-11, 1.1791140593748258E-11, )
Fitness Value: 9.87119153353267E-21


Best Location: (2.963974381370194E-11, -1.0340675914522648E-11, 3.769788279327035E-12, -1.2979750344095717E-11, -1.5183329219932796E-11, -1.8494381673536797E-12, 6.568946238049497E-11, 4.1215576843803214E-11, 1.1386696125921108E-11, 2.1010310389147053E-11, )
Fitness Value: 7.987002355831086E-21


Best Location: (3.530613596860527E-11, -7.0756894249721265E-12, -2.7237993591124565E-12, 1.9306102964806756E-11, 3.435535750000374E-11, -5.609489882553307E-12, 5.0272174070234716E-11, -6.929987364181892E-12, 4.100696611196549E-11, -5.0162865912072534E-11, )
Fitness Value: 9.661690875040411E-21


Runtime:30860ms
